566535: 1 4 2 3 2 2 4 1 2 1 3 1 3 4 2 1 3 4 4 1 1 2 4 3 3 4 3 1 2 4 1 1 3 3 2 4 4 3 1 3
566575: 2 3 4 1 2 1 1 4 2 3 2 3 1 1 1 2 1 3 2 4 3 4 1 3 1 2 1 4 4 2 2 3 1 4 2 1 3 4 2 3 1 2 3 2 4
566515: 2 4 1 3 4 4 1 3 1 4 1 4 2 2 3 2 1 4 3 2 4 2 1 3 3 4 3 2 4 1 3 2 1 3 4 2 4 1 3 2 1 1 4 3 2 1 4 2 3 1
586813: 4 4 1 4 1 2 4 1 4 1 3 2 1 2 4 1 4 3 3 3 4 3 4 2 3 4 4 3 1 3 2 4 3 1 3 1 1 4 1 1 2 1 4 3 2 2 1 2 4 1
586846: 4 2 3 4 2 4 3 4 1 3 2 2 4 1 2 4 4 1 1 2 3 3 3 2 3 4 1 4 3 2 1 2 1 3 1 3 2 2 1
638580: 3 3 2 2 3 3 4 1 1 2 2 1 4 1 1 1 2 3 1 2
586861: 3 3 2 4 1 3 3 3 3 2 3 3 4 1 1 3 3 2 2 4 4 2 2 2 4 2 3 3 4 3 4 2 1 2 2 4 2 2 1 1
714480: 3 4 2 3 1 1 1 3 4 3 4 4 2 3 1 1 3 2 4 3 2 4 1 4 4 3 1 3 3 3 4 2 1 4 3 1 4 4 1 2 4 4 2 4 3 2 2 2 1 1 1
714246: 1 4 4 1 4 1 2 1 4 4 3 1 2 4 1
664958: 2 3 2 4 1 3 4 4 3 1 2 3 2 4 3 1 4 2 1 2 3 1 4 1 4
719520: 2 1 3 1 4 2 1 2 4 4 2 4 3 3 2 1 1 3 1 4 1 3 1 2 3
661617: 4 3 1 2 4 4 2 2 3 4 2 1 3 4 2 4 3 1 1 2 2 3 2 3 1 4 3 4 1 2 1 3 2 2 3 4 2 3 3 3
661583: 3 4 3 2 2 1 3 4 1 2 4 2 3 1 1 3 4 2 2 1 4 2 1 3 3 1 3 4 2 4 2 2 3 3 1 4 2 1 3 4 2 3 1 4 2 3 2 1 2 4
661656: 2 1 4 3 1 4 3 2 2 1 1 2 4 2 3 2 3 1 4 3 1 2 4 1 2 4 1 3 2 2 3 4 4 1 3 2 4 4 2 4 1 3 2
